%% CGA data Ankle Natural Cadence , Winter
% stride|Mean Angle|St. Dev|Moment|St. Dev|
% Torque units are in Nm/kg

global MBS_user

MBS_user.CGA_Ankle_Data=...
[0	0.02	3.93	-0.009	0.041;
2	-2.06	4.36	-0.034	0.087;
4	-3.88	4.32	-0.064	0.103;
6	-4.6	4.02	-0.051	0.137;
8	-3.98	3.95	0.028	0.184;
10	-2.4	4.05	0.143	0.262;
12	-0.45	4.01	0.26	0.313;
14	1.45	3.81	0.368	0.345;
16	3.04	3.56	0.469	0.36;
18	4.27	3.36	0.545	0.328;
20	5.13	3.24	0.601	0.293;
22	5.71	3.19	0.65	0.256;
24	6.1     3.18	0.692	0.229;
26	6.43	3.18	0.736	0.218;
28	6.76	3.21	0.78	0.214;
30	7.12	3.3     0.825	0.218;
32	7.54	3.44	0.881	0.225;
34	7.99	3.6     0.951	0.23;
36	8.44	3.79	1.037	0.234;
38	8.86	4       1.144	0.238;
40	9.23	4.25	1.26	0.239;
42	9.51	4.51	1.388	0.243;
44	9.62	4.75	1.513	0.247;
46	9.43	4.98	1.608	0.255;
48	8.7     5.26	1.628	0.254;
50	7.2     5.65	1.565	0.265;
52	4.69	6.12	1.388	0.294;
54	1.15	6.56	1.073	0.307;
56	-3.26	6.87	0.69	0.276;
58	-8.17	6.93	0.335	0.192;
60	-13.05	6.64	0.102	0.092;
62	-17.13	6.19	-0.001	0.031;
64	-19.52	5.91	-0.028	0.012;
66	-19.77	5.81	-0.023	0.007;
68	-18.12	5.57	-0.019	0.006;
70	-15.29	5.06	-0.015	0.004;
72	-12.04	4.45	-0.012	0.003;
74	-8.85	3.99	-0.01	0.003;
76	-5.96	3.76	-0.01	0.002;
78	-3.51	3.63	-0.01	0.003;
80	-1.64	3.49	-0.011	0.003;
82	-0.5	3.27	-0.012	0.003;
84	-0.07	2.94	-0.013	0.003;
86	-0.16	2.65	-0.013	0.003;
88	-0.42	2.71	-0.011	0.003;
90	-0.52	3.09	-0.006	0.005;
92	-0.26	3.45	0.001	0.006;
94	0.36	3.53	0.007	0.005;
96	1       3.4     0.011	0.005;
98	1.2     3.33	0.01	0.005;
100	0.58	3.52	0.004	0.005];

%% Plotting Section
%plot(CGA_Ankle_Data(:,2),CGA_Ankle_Data(:,4))

