%% CGA data Knee Natural Cadence, Winter
% stride|Mean Angle|St. Dev|Moment|St. Dev|
% Torque units are in Nm/kg

global MBS_user;

MBS_user.CGA_Knee_Data=...
[0	3.97	4.19	-0.196	0.126	;
2	7.00	4.58	-0.281	0.223	;
4	10.52	4.19	-0.09	0.272	;
6	14.12	4.98	0.173	0.291	;
8	17.38	5.11	0.362	0.328	;
10	19.84	5.12	0.508	0.38	;
12	21.27	5.17	0.593	0.412	;
14	21.67	5.34	0.615	0.428	;
16	21.22	5.61	0.556	0.43	;
18	20.20	5.85	0.469	0.384	;
20	18.86	5.95	0.362	0.32	;
22	17.35	5.85	0.244	0.271	;
24	15.73	5.57	0.141	0.244	;
26	14.08	5.18	0.052	0.232	;
28	12.50	4.84	-0.019	0.229	;
30	11.09	4.69	-0.07	0.23	;
32	9.91	4.64	-0.114	0.239	;
34	8.97	4.66	-0.149	0.254	;
36	8.28	4.74	-0.181	0.275	;
38	7.86	4.86	-0.217	0.301	;
40	7.72	4.95	-0.247	0.326	;
42	7.94	4.98	-0.269	0.342	;
44	8.60	4.97	-0.27	0.343	;
46	9.76	4.96	-0.237	0.347	;
48	11.50	4.97	-0.171	0.359	;
50	13.86	5.05	-0.087	0.367	;
52	16.97	5.22	-0.004	0.34	;
54	20.96	5.49	0.054	0.288	;
56	26.00	5.86	0.116	0.214	;
58	32.03	6.20	0.157	0.137	;
60	38.74	6.30	0.156	0.091	;
62	45.60	6.05	0.114	0.061	;
64	52.05	5.53	0.08	0.034	;
66	57.54	4.99	0.066	0.031	;
68	61.66	4.75	0.064	0.032	;
70	64.12	4.93	0.053	0.031	;
72	64.86	5.41	0.037	0.031	;
74	63.95	5.99	0.02     0.03	;
76	61.59	6.51	0.004	0.031	;
78	57.97	6.93	-0.009	0.031	;
80	53.27	7.22	-0.023	0.029	;
82	47.58	7.42	-0.04	0.025	;
84	40.94	7.55	-0.059	0.026	;
86	33.46	7.54	-0.082	0.032	;
88	25.38	7.29	-0.114	0.037	;
90	17.27	6.69	-0.158	0.048	;
92	9.94	5.73	-0.211	0.061	;
94	4.31	4.54	-0.253	0.073	;
96	1.12	3.55	-0.263	0.077	;
98	0.54	3.28	-0.224	0.072	;
100	2.21	3.60	-0.147	0.058	];

%% Plotting Section
%plot(CGA_Knee_Data(:,2),CGA_Knee_Data(:,4))